Ef1=0.10;%rod
Ef2=0.37;%back
h2 =200;%h2
y=h2*Ef1^2/(Ef2^2-Ef1^2);%h1
