Ef1=0.14;%rod
Ef2=0.52;%back
h2 =200;%h2
y=h2*Ef1^2/(Ef2^2-Ef1^2);%h1


